00030001132
01124340444
02213124013
03442213320
04301432201
10143444302
11202023234
12431312143
13320131410
14014200021
20221230333
21410404240
22344043111
23003322422
24132111004
30404134124
31333203403
32022442030
33111021341
34240310212
40312341223
41041120100
42100214431
43234433042
44423002314
00101303010
01230142321
02424221202
03313410134
04042034443
10214012400
11443331031
12302100342
13031244214
14120423123
20432420411
21321014022
22010333304
23144102233
24203241140
30340222044
31004411313
32133030220
33222304101
34411143432
40023113241
41112232112
42241401424
43400040003
44334324330
